+----+----------------+-----+
|year|average_distance|    #|
+----+----------------+-----+
|2010|           2.435| 8161|
|2011|           2.458| 7225|
|2012|           2.505| 6521|
|2013|           2.459| 5851|
|2014|           2.374| 4879|
|2015|           2.388| 6729|
|2016|           2.426| 8094|
|2017|            2.39| 7780|
|2018|           2.411| 7414|
|2019|           2.526|   45|
|2020|           2.382| 8458|
|2021|           2.388|12072|
|2022|           2.315|10065|
|2023|           2.278| 8285|
+----+----------------+-----+

