+----+----------------+-----+
|year|average_distance|    #|
+----+----------------+-----+
|2010|           2.784| 8161|
|2011|            2.79| 7225|
|2012|           2.834| 6521|
|2013|            2.83| 5851|
|2014|           2.738| 4879|
|2015|           2.706| 6729|
|2016|           2.718| 8094|
|2017|           2.721| 7780|
|2018|           2.736| 7414|
|2019|           2.868|   45|
|2020|           2.689| 8458|
|2021|           2.674|12072|
|2022|           2.612|10065|
|2023|           2.562| 8285|
+----+----------------+-----+

