+----+----------------+----+
|year|average_distance|   #|
+----+----------------+----+
|2010|           1.874|3124|
|2011|           1.852|2745|
|2012|           1.933|2492|
|2013|           1.919|2213|
|2014|            1.84|1872|
|2015|           1.876|2537|
|2016|           1.868|3133|
|2017|           1.844|2987|
|2018|            1.86|2895|
|2019|           2.216|  24|
|2020|           1.854|3366|
|2021|           1.858|4825|
|2022|           1.766|3989|
|2023|           1.778|3435|
+----+----------------+----+

