+----+----------------+----+
|year|average_distance|   #|
+----+----------------+----+
|2010|           2.814|3124|
|2011|           2.756|2745|
|2012|           2.838|2492|
|2013|           2.825|2213|
|2014|           2.735|1872|
|2015|           2.719|2537|
|2016|           2.707|3133|
|2017|           2.681|2987|
|2018|           2.714|2895|
|2019|            3.46|  24|
|2020|           2.734|3366|
|2021|           2.654|4825|
|2022|           2.593|3989|
|2023|           2.586|3435|
+----+----------------+----+

